253
-839
2442
-272
1419
-323
2442
-272
1419
-323
2442
-272
1419
-323
2442
-272
1419
-323
2442
-272
1419
-323
2442
-272
1419
-323
2442
-272
1419
-323
2442
123
1031
1615
-2511
3307
-2873
2414
-3507
3307
-2873
2414
-3507
3307
-2873
2414
-3507
3307
-2873
2414
-3507
3307
-2873
2414
-3507
3307
-2873
2414
-3507
3307
-2873
2414
-3507
3307
-1902
2427
479
1136
-1497
1589
-841
663
-1497
1589
-841
663
-1497
1589
-841
663
-1497
1589
-841
663
-1497
1589
-841
663
-1497
1589
-841
663
-1497
1589
-841
663
-1497
1395
-3341
1289
371
-872
-1480
2694
301
-872
-1480
2694
301
-872
-1480
2694
301
-872
-1480
2694
301
-872
-1480
2694
301
-872
-1480
2694
301
-872
-1480
2694
301
-872
-2929
3443
712
2551
-120
-83
502
1638
-120
-83
502
1638
-120
-83
502
1638
-120
-83
502
1638
-120
-83
502
1638
-120
-83
502
1638
-120
-83
502
1638
-120
-74
1393
501
-33
1293
-477
909
-908
1293
-477
909
-908
1293
-477
909
-908
1293
-477
909
-908
1293
-477
909
-908
1293
-477
909
-908
1293
-477
909
-908
1293
-396
1563
-1844
604
682
1240
-1258
101
682
1240
-1258
101
682
1240
-1258
101
682
1240
-1258
101
682
1240
-1258
101
682
1240
-1258
101
682
1240
-1258
101
682
1797
-773
-182
-3275
2183
-3424
-632
-2721
2183
-3424
-632
-2721
2183
-3424
-632
-2721
2183
-3424
-632
-2721
2183
-3424
-632
-2721
2183
-3424
-632
-2721
2183
-3424
-632
-2721
2183
-2428
-863
961
-612
-2993
1682
1230
618
-2993
1682
1230
618
-2993
1682
1230
618
-2993
1682
1230
618
-2993
1682
1230
618
-2993
1682
1230
618
-2993
1682
1230
618
-2993
1799
1650
1527
-205
-2318
1835
1607
319
-2318
1835
1607
319
-2318
1835
1607
319
-2318
1835
1607
319
-2318
1835
1607
319
-2318
1835
1607
319
-2318
1835
1607
319
-2318
855
2274
-879
2357
1439
-713
-1698
761
1439
-713
-1698
761
1439
-713
-1698
761
1439
-713
-1698
761
1439
-713
-1698
761
1439
-713
-1698
761
1439
-713
-1698
761
1439
-442
-2826
86
-294
261
950
425
-234
261
950
425
-234
261
950
425
-234
261
950
425
-234
261
950
425
-234
261
950
425
-234
261
950
425
-234
261
2569
966
-219
-1324
-1015
-852
-1055
-1446
-1015
-852
-1055
-1446
-1015
-852
-1055
-1446
-1015
-852
-1055
-1446
-1015
-852
-1055
-1446
-1015
-852
-1055
-1446
-1015
-852
-1055
-1446
-1015
-1074
-314
2714
-1405
1442
188
2546
292
1442
188
2546
292
1442
188
2546
292
1442
188
2546
292
1442
188
2546
292
1442
188
2546
292
1442
188
2546
292
1442
769
931
-673
-821
-189
-1297
-1777
-1151
-189
-1297
-1777
-1151
-189
-1297
-1777
-1151
-189
-1297
-1777
-1151
-189
-1297
-1777
-1151
-189
-1297
-1777
-1151
-189
-1297
-1777
-1151
-189
-887
-1414
-3081
-715
510
-1228
-3352
-347
510
-1228
-3352
-347
510
-1228
-3352
-347
510
-1228
-3352
-347
510
-1228
-3352
-347
510
-1228
-3352
-347
510
-1228
-3352
-347
510
30
-2578
