-1322
-1272
903
-1195
-1300
318
-1113
-1861
-46
-24
-495
165
-780
-1310
-1708
-1805
107
-497
-1504
-952
-1063
569
-888
-818
-727
-848
-1815
-735
-53
394
-667
181
-1063
496
-1663
-1110
-1044
361
-523
-1679
-784
2320
-699
-1713
-216
-996
-1066
1313
305
-11
-645
-621
-1241
-1842
-1988
-1336
-1318
281
-773
503
-507
-481
700
-454
-912
622
448
-904
-412
442
-88
-630
-207
-476
-1679
-781
489
638
-1328
410
124
-821
-735
-914
353
-1316
-1479
-1990
-312
-702
-1395
-1388
-35
-441
1154
-586
-296
-414
-881
490
-1639
1216
917
266
-1231
584
-880
-1786
-65
-989
-832
-1214
-209
-3022
-1921
-1049
-333
-672
908
-1098
96
-596
428
-1746
184
-1352
-485
-1442
69
-59
-922
-441
-1806
-538
-978
837
1140
-1583
314
-839
383
-117
325
260
-2141
-638
-73
-208
-592
290
-739
90
-1823
-1692
-1486
259
146
853
-1001
-1064
-363
713
-709
-443
-1400
-860
-727
-1130
-929
-1031
-1499
-1579
337
737
360
-367
-1448
-457
-738
-114
-864
-64
-791
352
1155
-1489
-1746
207
186
-119
-406
318
486
-205
-747
-1189
1503
-572
-713
657
-750
-105
-30
-1741
821
-392
-316
-1067
-759
-237
297
1824
-546
-1536
-1680
500
-1395
-943
231
904
-824
-1063
-2478
-62
-819
55
-981
-2
-454
-1348
414
-156
-450
571
-1189
-1619
784
-905
-1039
-394
-1121
-315
-1575
502
-1327
-2146
-1130
-1305
-1268
-1160
421
26
-143
-25
-130
-1373
